1.8143300000e+00 9.9996820545e-01
1.8284900000e+00 9.9999606138e-01
1.8426300000e+00 9.9999905562e-01
1.8567700000e+00 9.9980188295e-01
1.8708900000e+00 9.8043859243e-01
1.8850000000e+00 9.6902446577e-01
1.8990901000e+00 9.8806188898e-01
1.9131700000e+00 9.9629187516e-01
1.9272400000e+00 9.9302690438e-01
1.9412900000e+00 8.9479534078e-01
1.9553300000e+00 7.1059815657e-01
1.9693500000e+00 7.8515094973e-01
1.9833500000e+00 9.5333877876e-01
1.9973400000e+00 7.2155496364e-01
2.0113201000e+00 4.8972067229e-01
2.0252800000e+00 7.3561991722e-01
2.0392201000e+00 9.1715524148e-01
2.0531399000e+00 8.1792515221e-01
2.0670500000e+00 7.7557559267e-01
2.0809400000e+00 8.6551871656e-01
2.0948100000e+00 9.3573952035e-01
2.1086600000e+00 9.7877863548e-01
2.1224899000e+00 9.9638215770e-01
2.1363101000e+00 9.9953455336e-01
2.1501000000e+00 9.9942468463e-01
2.1638801000e+00 9.9528838686e-01
2.1776299000e+00 9.9341644928e-01
