1.8143300000e+00 9.9996820541e-01
1.8284900000e+00 9.9999606139e-01
1.8426300000e+00 9.9999905562e-01
1.8567700000e+00 9.9980188332e-01
1.8708900000e+00 9.8043602450e-01
1.8850000000e+00 9.6902446549e-01
1.8990901000e+00 9.8806191141e-01
1.9131700000e+00 9.9629186492e-01
1.9272400000e+00 9.9302692922e-01
1.9412900000e+00 8.9479571354e-01
1.9553300000e+00 7.1059745921e-01
1.9693500000e+00 7.8515062838e-01
1.9833500000e+00 9.5333883661e-01
1.9973400000e+00 7.2155617467e-01
2.0113201000e+00 4.8972067170e-01
2.0252800000e+00 7.3561898618e-01
2.0392201000e+00 9.1715380751e-01
2.0531399000e+00 8.1792465793e-01
2.0670500000e+00 7.7557536108e-01
2.0809400000e+00 8.6551915012e-01
2.0948100000e+00 9.3573971639e-01
2.1086600000e+00 9.7877838978e-01
2.1224899000e+00 9.9638214545e-01
2.1363101000e+00 9.9953455263e-01
2.1501000000e+00 9.9942468465e-01
2.1638801000e+00 9.9528837851e-01
2.1776299000e+00 9.9341648529e-01
