1.8143300000e+00 9.9997498488e-01
1.8284900000e+00 9.9999729174e-01
1.8426300000e+00 9.9999946338e-01
1.8567700000e+00 9.9992695626e-01
1.8708900000e+00 9.8522915967e-01
1.8850000000e+00 9.6285402366e-01
1.8990901000e+00 9.9010578166e-01
1.9131700000e+00 9.9636002408e-01
1.9272400000e+00 9.9648475519e-01
1.9412900000e+00 9.1229894599e-01
1.9553300000e+00 6.7596306764e-01
1.9693500000e+00 7.7911187684e-01
1.9833500000e+00 9.6646144126e-01
1.9973400000e+00 7.3130597609e-01
2.0113201000e+00 4.4937585700e-01
2.0252800000e+00 7.6127021636e-01
2.0392201000e+00 9.4237955678e-01
2.0531399000e+00 7.9422269896e-01
2.0670500000e+00 7.6689348026e-01
2.0809400000e+00 8.7620363139e-01
2.0948100000e+00 9.3564283855e-01
2.1086600000e+00 9.8135532401e-01
2.1224899000e+00 9.9722312641e-01
2.1363101000e+00 9.9955644165e-01
2.1501000000e+00 9.9970505584e-01
2.1638801000e+00 9.9477696875e-01
2.1776299000e+00 9.9351089177e-01
