1.8143300000e+00 9.9996820525e-01
1.8284900000e+00 9.9999606135e-01
1.8426300000e+00 9.9999905562e-01
1.8567700000e+00 9.9980188192e-01
1.8708900000e+00 9.8043522761e-01
1.8850000000e+00 9.6902467644e-01
1.8990901000e+00 9.8806182116e-01
1.9131700000e+00 9.9629190067e-01
1.9272400000e+00 9.9302694757e-01
1.9412900000e+00 8.9479479511e-01
1.9553300000e+00 7.1059851923e-01
1.9693500000e+00 7.8515152815e-01
1.9833500000e+00 9.5333891137e-01
1.9973400000e+00 7.2155345812e-01
2.0113201000e+00 4.8972027282e-01
2.0252800000e+00 7.3561657902e-01
2.0392201000e+00 9.1715703909e-01
2.0531399000e+00 8.1792391316e-01
2.0670500000e+00 7.7557493170e-01
2.0809400000e+00 8.6551764709e-01
2.0948100000e+00 9.3574000909e-01
2.1086600000e+00 9.7877834434e-01
2.1224899000e+00 9.9638212670e-01
2.1363101000e+00 9.9953455357e-01
2.1501000000e+00 9.9942468973e-01
2.1638801000e+00 9.9528834474e-01
2.1776299000e+00 9.9341644940e-01
