1.8143300000e+00 9.9997498495e-01
1.8284900000e+00 9.9999729175e-01
1.8426300000e+00 9.9999946338e-01
1.8567700000e+00 9.9992695635e-01
1.8708900000e+00 9.8522918191e-01
1.8850000000e+00 9.6285402355e-01
1.8990901000e+00 9.9010580593e-01
1.9131700000e+00 9.9636002406e-01
1.9272400000e+00 9.9648475522e-01
1.9412900000e+00 9.1229908745e-01
1.9553300000e+00 6.7596336425e-01
1.9693500000e+00 7.7911198589e-01
1.9833500000e+00 9.6646144107e-01
1.9973400000e+00 7.3130641671e-01
2.0113201000e+00 4.4937677885e-01
2.0252800000e+00 7.6127064560e-01
2.0392201000e+00 9.4237863941e-01
2.0531399000e+00 7.9422334509e-01
2.0670500000e+00 7.6689375042e-01
2.0809400000e+00 8.7620385910e-01
2.0948100000e+00 9.3564283837e-01
2.1086600000e+00 9.8135533047e-01
2.1224899000e+00 9.9722313717e-01
2.1363101000e+00 9.9955644240e-01
2.1501000000e+00 9.9970505582e-01
2.1638801000e+00 9.9477698968e-01
2.1776299000e+00 9.9351090506e-01
