1.8143300000e+00 9.9997498497e-01
1.8284900000e+00 9.9999729175e-01
1.8426300000e+00 9.9999946338e-01
1.8567700000e+00 9.9992695643e-01
1.8708900000e+00 9.8522798693e-01
1.8850000000e+00 9.6285406908e-01
1.8990901000e+00 9.9010582012e-01
1.9131700000e+00 9.9636002636e-01
1.9272400000e+00 9.9648476078e-01
1.9412900000e+00 9.1229918051e-01
1.9553300000e+00 6.7596347675e-01
1.9693500000e+00 7.7911210386e-01
1.9833500000e+00 9.6646144756e-01
1.9973400000e+00 7.3130677298e-01
2.0113201000e+00 4.4937743609e-01
2.0252800000e+00 7.6127017118e-01
2.0392201000e+00 9.4237791530e-01
2.0531399000e+00 7.9422347293e-01
2.0670500000e+00 7.6689378947e-01
2.0809400000e+00 8.7620393889e-01
2.0948100000e+00 9.3564297197e-01
2.1086600000e+00 9.8135522363e-01
2.1224899000e+00 9.9722313936e-01
2.1363101000e+00 9.9955644291e-01
2.1501000000e+00 9.9970505629e-01
2.1638801000e+00 9.9477699631e-01
2.1776299000e+00 9.9351092385e-01
