1.8143300000e+00 9.9996828635e-01
1.8284900000e+00 9.9999602306e-01
1.8426300000e+00 9.9999906052e-01
1.8567700000e+00 9.9980725137e-01
1.8708900000e+00 9.8042974045e-01
1.8850000000e+00 9.6901246220e-01
1.8990901000e+00 9.8806239694e-01
1.9131700000e+00 9.9627715820e-01
1.9272400000e+00 9.9291691231e-01
1.9412900000e+00 8.9462852045e-01
1.9553300000e+00 7.1052436666e-01
1.9693500000e+00 7.8532285598e-01
1.9833500000e+00 9.5349170417e-01
1.9973400000e+00 7.2160726112e-01
2.0113201000e+00 4.8957681429e-01
2.0252800000e+00 7.3544459154e-01
2.0392201000e+00 9.1708003071e-01
2.0531399000e+00 8.1790885626e-01
2.0670500000e+00 7.7552230461e-01
2.0809400000e+00 8.6548980841e-01
2.0948100000e+00 9.3621197383e-01
2.1086600000e+00 9.7902899367e-01
2.1224899000e+00 9.9644108446e-01
2.1363101000e+00 9.9952582531e-01
2.1501000000e+00 9.9945311803e-01
2.1638801000e+00 9.9536404582e-01
2.1776299000e+00 9.9348575280e-01
