1.8143300000e+00 9.9997502226e-01
1.8284900000e+00 9.9999727186e-01
1.8426300000e+00 9.9999946596e-01
1.8567700000e+00 9.9992778829e-01
1.8708900000e+00 9.8521934279e-01
1.8850000000e+00 9.6285212151e-01
1.8990901000e+00 9.9009158006e-01
1.9131700000e+00 9.9634408817e-01
1.9272400000e+00 9.9644234135e-01
1.9412900000e+00 9.1212587317e-01
1.9553300000e+00 6.7590223368e-01
1.9693500000e+00 7.7926852783e-01
1.9833500000e+00 9.6654054382e-01
1.9973400000e+00 7.3144121920e-01
2.0113201000e+00 4.4930487538e-01
2.0252800000e+00 7.6092176836e-01
2.0392201000e+00 9.4237165915e-01
2.0531399000e+00 7.9423957624e-01
2.0670500000e+00 7.6693834358e-01
2.0809400000e+00 8.7603585515e-01
2.0948100000e+00 9.3626683329e-01
2.1086600000e+00 9.8151187267e-01
2.1224899000e+00 9.9727264913e-01
2.1363101000e+00 9.9954679888e-01
2.1501000000e+00 9.9971589157e-01
2.1638801000e+00 9.9483045950e-01
2.1776299000e+00 9.9364224954e-01
