4.5450000000e+03 9.3154254155e-11
4.5460000000e+03 2.0493511865e-12
4.5470000000e+03 4.4395505945e-13
4.5480000000e+03 1.8852637383e-13
4.5490000000e+03 1.0369774213e-13
4.5500000000e+03 6.5488648785e-14
4.5510000000e+03 4.5078491141e-14
4.5520000000e+03 3.2911482795e-14
4.5530000000e+03 2.5079733688e-14
4.5540000000e+03 1.9743949446e-14
4.5550000000e+03 1.5946084225e-14
4.5560000000e+03 1.3147254154e-14
4.5570000000e+03 1.1025480446e-14
4.5580000000e+03 9.3787710743e-15
4.5590000000e+03 8.0752056147e-15
4.5600000000e+03 7.0256674502e-15
4.5610000000e+03 6.1681980291e-15
4.5620000000e+03 5.4586383248e-15
4.5630000000e+03 4.8648274843e-15
4.5640000000e+03 4.3628933214e-15
4.5650000000e+03 3.9348150153e-15
4.5660000000e+03 3.5667827455e-15
4.5670000000e+03 3.2480697959e-15
4.5680000000e+03 2.9702419982e-15
4.5690000000e+03 2.7265939474e-15
4.5700000000e+03 2.5117405831e-15
4.5710000000e+03 2.3213170630e-15
4.5720000000e+03 2.1517553142e-15
4.5730000000e+03 2.0001156654e-15
4.5740000000e+03 1.8639585701e-15
4.5750000000e+03 1.7412458728e-15
4.5760000000e+03 1.6302640879e-15
4.5770000000e+03 1.5295642594e-15
4.5780000000e+03 1.4379144252e-15
4.5790000000e+03 1.3542617585e-15
4.5800000000e+03 1.2777021959e-15
4.5810000000e+03 1.2074559078e-15
4.5820000000e+03 1.1428473616e-15
4.5830000000e+03 1.0832890201e-15
4.5840000000e+03 1.0282679360e-15
4.5850000000e+03 9.7733467098e-16
4.5860000000e+03 9.3009408832e-16
4.5870000000e+03 8.8619766591e-16
4.5880000000e+03 8.4533704975e-16
4.5890000000e+03 8.0723862395e-16
4.5900000000e+03 7.7165891823e-16
4.5910000000e+03 7.3838070844e-16
4.5920000000e+03 7.0720969314e-16
4.5930000000e+03 6.7797165097e-16
4.5940000000e+03 6.5051000096e-16
4.5950000000e+03 6.2468370177e-16
4.5960000000e+03 6.0036543713e-16
4.5970000000e+03 5.7744004372e-16
4.5980000000e+03 5.5580314525e-16
4.5990000000e+03 5.3535996228e-16
4.6000000000e+03 5.1602427256e-16
4.6010000000e+03 4.9771750033e-16
4.6020000000e+03 4.8036791686e-16
4.6030000000e+03 4.6390993668e-16
4.6040000000e+03 4.4828349690e-16
4.6050000000e+03 4.3343350843e-16
4.6060000000e+03 4.1930936977e-16
4.6070000000e+03 4.0586453539e-16
4.6080000000e+03 3.9305613178e-16
4.6090000000e+03 3.8084461519e-16
4.6100000000e+03 3.6919346609e-16
4.6110000000e+03 3.5806891580e-16
4.6120000000e+03 3.4743970155e-16
4.6130000000e+03 3.3727684656e-16
4.6140000000e+03 3.2755346240e-16
4.6150000000e+03 3.1824457090e-16
4.6160000000e+03 3.0932694362e-16
4.6170000000e+03 3.0077895677e-16
4.6180000000e+03 2.9258046001e-16
4.6190000000e+03 2.8471265763e-16
4.6200000000e+03 2.7715800065e-16
4.6210000000e+03 2.6990008895e-16
4.6220000000e+03 2.6292358214e-16
4.6230000000e+03 2.5621411847e-16
4.6240000000e+03 2.4975824083e-16
4.6250000000e+03 2.4354332924e-16
4.6260000000e+03 2.3755753913e-16
4.6270000000e+03 2.3178974483e-16
4.6280000000e+03 2.2622948788e-16
4.6290000000e+03 2.2086692956e-16
4.6300000000e+03 2.1569280735e-16
4.6310000000e+03 2.1069839490e-16
4.6320000000e+03 2.0587546521e-16
4.6330000000e+03 2.0121625673e-16
4.6340000000e+03 1.9671344211e-16
4.6350000000e+03 1.9236009940e-16
4.6360000000e+03 1.8814968539e-16
4.6370000000e+03 1.8407601104e-16
4.6380000000e+03 1.8013321871e-16
4.6390000000e+03 1.7631576109e-16
4.6400000000e+03 1.7261838170e-16
4.6410000000e+03 1.6903609675e-16
4.6420000000e+03 1.6556417835e-16
4.6430000000e+03 1.6219813893e-16
4.6440000000e+03 1.5893371670e-16
4.6450000000e+03 1.5576686214e-16
4.6460000000e+03 1.5269372548e-16
4.6470000000e+03 1.4971064496e-16
4.6480000000e+03 1.4681413595e-16
4.6490000000e+03 1.4400088072e-16
4.6500000000e+03 1.4126771899e-16
4.6510000000e+03 1.3861163899e-16
4.6520000000e+03 1.3602976923e-16
4.6530000000e+03 1.3351937068e-16
4.6540000000e+03 1.3107782953e-16
4.6550000000e+03 1.2870265037e-16
4.6560000000e+03 1.2639144981e-16
4.6570000000e+03 1.2414195052e-16
4.6580000000e+03 1.2195197561e-16
4.6590000000e+03 1.1981944332e-16
4.6600000000e+03 1.1774236215e-16
4.6610000000e+03 1.1571882613e-16
4.6620000000e+03 1.1374701050e-16
4.6630000000e+03 1.1182516758e-16
4.6640000000e+03 1.0995162286e-16
4.6650000000e+03 1.0812477142e-16
4.6660000000e+03 1.0634307443e-16
4.6670000000e+03 1.0460505596e-16
4.6680000000e+03 1.0290929986e-16
4.6690000000e+03 1.0125444694e-16
4.6700000000e+03 9.9639192195e-17
4.6710000000e+03 9.8062282267e-17
4.6720000000e+03 9.6522512991e-17
4.6730000000e+03 9.5018727103e-17
4.6740000000e+03 9.3549812063e-17
4.6750000000e+03 9.2114698001e-17
4.6760000000e+03 9.0712355762e-17
4.6770000000e+03 8.9341795068e-17
4.6780000000e+03 8.8002062761e-17
4.6790000000e+03 8.6692241151e-17
4.6800000000e+03 8.5411446443e-17
4.6810000000e+03 8.4158827245e-17
4.6820000000e+03 8.2933563152e-17
4.6830000000e+03 8.1734863405e-17
4.6840000000e+03 8.0561965613e-17
4.6850000000e+03 7.9414134538e-17
4.6860000000e+03 7.8290660948e-17
4.6870000000e+03 7.7190860518e-17
4.6880000000e+03 7.6114072787e-17
4.6890000000e+03 7.5059660169e-17
4.6900000000e+03 7.4027007004e-17
4.6910000000e+03 7.3015518665e-17
4.6920000000e+03 7.2024620699e-17
4.6930000000e+03 7.1053758010e-17
4.6940000000e+03 7.0102394082e-17
4.6950000000e+03 6.9170010242e-17
4.6960000000e+03 6.8256104946e-17
4.6970000000e+03 6.7360193107e-17
4.6980000000e+03 6.6481805455e-17
4.6990000000e+03 6.5620487917e-17
4.7000000000e+03 6.4775801032e-17
4.7010000000e+03 6.3947319392e-17
4.7020000000e+03 6.3134631104e-17
4.7030000000e+03 6.2337337280e-17
4.7040000000e+03 6.1555051543e-17
4.7050000000e+03 6.0787399565e-17
4.7060000000e+03 6.0034018617e-17
4.7070000000e+03 5.9294557137e-17
4.7080000000e+03 5.8568674322e-17
4.7090000000e+03 5.7856039740e-17
4.7100000000e+03 5.7156332944e-17
4.7110000000e+03 5.6469243122e-17
4.7120000000e+03 5.5794468744e-17
4.7130000000e+03 5.5131717235e-17
4.7140000000e+03 5.4480704657e-17
4.7150000000e+03 5.3841155405e-17
4.7160000000e+03 5.3212801916e-17
4.7170000000e+03 5.2595384385e-17
4.7180000000e+03 5.1988650504e-17
4.7190000000e+03 5.1392355196e-17
4.7200000000e+03 5.0806260372e-17
4.7210000000e+03 5.0230134695e-17
4.7220000000e+03 4.9663753346e-17
4.7230000000e+03 4.9106897811e-17
4.7240000000e+03 4.8559355663e-17
4.7250000000e+03 4.8020920368e-17
4.7260000000e+03 4.7491391083e-17
4.7270000000e+03 4.6970572471e-17
4.7280000000e+03 4.6458274523e-17
4.7290000000e+03 4.5954312381e-17
4.7300000000e+03 4.5458506176e-17
4.7310000000e+03 4.4970680860e-17
4.7320000000e+03 4.4490666060e-17
4.7330000000e+03 4.4018295923e-17
4.7340000000e+03 4.3553408977e-17
4.7350000000e+03 4.3095847989e-17
4.7360000000e+03 4.2645459835e-17
4.7370000000e+03 4.2202095370e-17
4.7380000000e+03 4.1765609307e-17
4.7390000000e+03 4.1335860095e-17
4.7400000000e+03 4.0912709806e-17
4.7410000000e+03 4.0496024023e-17
4.7420000000e+03 4.0085671736e-17
4.7430000000e+03 3.9681525236e-17
4.7440000000e+03 3.9283460016e-17
4.7450000000e+03 3.8891354677e-17
4.7460000000e+03 3.8505090834e-17
4.7470000000e+03 3.8124553027e-17
4.7480000000e+03 3.7749628635e-17
4.7490000000e+03 3.7380207792e-17
4.7500000000e+03 3.7016183305e-17
4.7510000000e+03 3.6657450581e-17
4.7520000000e+03 3.6303907547e-17
4.7530000000e+03 3.5955454580e-17
4.7540000000e+03 3.5611994435e-17
4.7550000000e+03 3.5273432181e-17
4.7560000000e+03 3.4939675129e-17
4.7570000000e+03 3.4610632775e-17
4.7580000000e+03 3.4286216734e-17
4.7590000000e+03 3.3966340684e-17
4.7600000000e+03 3.3650920305e-17
4.7610000000e+03 3.3339873227e-17
4.7620000000e+03 3.3033118976e-17
4.7630000000e+03 3.2730578917e-17
4.7640000000e+03 3.2432176209e-17
4.7650000000e+03 3.2137835756e-17
4.7660000000e+03 3.1847484157e-17
4.7670000000e+03 3.1561049660e-17
4.7680000000e+03 3.1278462121e-17
4.7690000000e+03 3.0999652957e-17
4.7700000000e+03 3.0724555110e-17
4.7710000000e+03 3.0453103000e-17
4.7720000000e+03 3.0185232491e-17
4.7730000000e+03 2.9920880849e-17
4.7740000000e+03 2.9659986709e-17
4.7750000000e+03 2.9402490040e-17
4.7760000000e+03 2.9148332103e-17
4.7770000000e+03 2.8897455428e-17
4.7780000000e+03 2.8649803774e-17
4.7790000000e+03 2.8405322100e-17
4.7800000000e+03 2.8163956533e-17
4.7810000000e+03 2.7925654343e-17
4.7820000000e+03 2.7690363906e-17
4.7830000000e+03 2.7458034686e-17
4.7840000000e+03 2.7228617199e-17
4.7850000000e+03 2.7002062990e-17
4.7860000000e+03 2.6778324611e-17
4.7870000000e+03 2.6557355590e-17
4.7880000000e+03 2.6339110410e-17
4.7890000000e+03 2.6123544488e-17
4.7900000000e+03 2.5910614145e-17
4.7910000000e+03 2.5700276592e-17
4.7920000000e+03 2.5492489904e-17
4.7930000000e+03 2.5287212999e-17
4.7940000000e+03 2.5084405619e-17
4.7950000000e+03 2.4884028312e-17
4.7960000000e+03 2.4686042408e-17
4.7970000000e+03 2.4490410004e-17
4.7980000000e+03 2.4297093946e-17
4.7990000000e+03 2.4106057809e-17
4.8000000000e+03 2.3917265881e-17
4.8010000000e+03 2.3730683149e-17
4.8020000000e+03 2.3546275277e-17
4.8030000000e+03 2.3364008595e-17
4.8040000000e+03 2.3183850082e-17
4.8050000000e+03 2.3005767351e-17
4.8060000000e+03 2.2829728635e-17
4.8070000000e+03 2.2655702772e-17
4.8080000000e+03 2.2483659190e-17
4.8090000000e+03 2.2313567899e-17
4.8100000000e+03 2.2145399470e-17
4.8110000000e+03 2.1979125029e-17
4.8120000000e+03 2.1814716241e-17
4.8130000000e+03 2.1652145299e-17
4.8140000000e+03 2.1491384912e-17
4.8150000000e+03 2.1332408294e-17
4.8160000000e+03 2.1175189153e-17
4.8170000000e+03 2.1019701679e-17
4.8180000000e+03 2.0865920533e-17
4.8190000000e+03 2.0713820841e-17
4.8200000000e+03 2.0563378176e-17
4.8210000000e+03 2.0414568557e-17
4.8220000000e+03 2.0267368434e-17
4.8230000000e+03 2.0121754679e-17
4.8240000000e+03 1.9977704578e-17
4.8250000000e+03 1.9835195825e-17
4.8260000000e+03 1.9694206506e-17
4.8270000000e+03 1.9554715098e-17
4.8280000000e+03 1.9416700456e-17
4.8290000000e+03 1.9280141810e-17
4.8300000000e+03 1.9145018749e-17
4.8310000000e+03 1.9011311223e-17
4.8320000000e+03 1.8878999527e-17
4.8330000000e+03 1.8748064302e-17
4.8340000000e+03 1.8618486518e-17
4.8350000000e+03 1.8490247478e-17
4.8360000000e+03 1.8363328802e-17
4.8370000000e+03 1.8237712427e-17
4.8380000000e+03 1.8113380596e-17
4.8390000000e+03 1.7990315855e-17
4.8400000000e+03 1.7868501044e-17
4.8410000000e+03 1.7747919293e-17
4.8420000000e+03 1.7628554017e-17
4.8430000000e+03 1.7510388907e-17
4.8440000000e+03 1.7393407928e-17
4.8450000000e+03 1.7277595310e-17
4.8460000000e+03 1.7162935547e-17
4.8470000000e+03 1.7049413387e-17
4.8480000000e+03 1.6937013832e-17
4.8490000000e+03 1.6825722128e-17
4.8500000000e+03 1.6715523763e-17
4.8510000000e+03 1.6606404464e-17
4.8520000000e+03 1.6498350186e-17
4.8530000000e+03 1.6391347117e-17
4.8540000000e+03 1.6285381664e-17
4.8550000000e+03 1.6180440455e-17
4.8560000000e+03 1.6076510331e-17
4.8570000000e+03 1.5973578346e-17
4.8580000000e+03 1.5871631760e-17
4.8590000000e+03 1.5770658033e-17
4.8600000000e+03 1.5670644827e-17
4.8610000000e+03 1.5571579998e-17
4.8620000000e+03 1.5473451593e-17
4.8630000000e+03 1.5376247847e-17
4.8640000000e+03 1.5279957178e-17
4.8650000000e+03 1.5184568186e-17
4.8660000000e+03 1.5090069650e-17
4.8670000000e+03 1.4996450519e-17
4.8680000000e+03 1.4903699916e-17
4.8690000000e+03 1.4811807130e-17
4.8700000000e+03 1.4720761617e-17
4.8710000000e+03 1.4630552991e-17
4.8720000000e+03 1.4541171028e-17
4.8730000000e+03 1.4452605657e-17
4.8740000000e+03 1.4364846962e-17
4.8750000000e+03 1.4277885175e-17
4.8760000000e+03 1.4191710678e-17
4.8770000000e+03 1.4106313995e-17
4.8780000000e+03 1.4021685793e-17
4.8790000000e+03 1.3937816880e-17
4.8800000000e+03 1.3854698199e-17
4.8810000000e+03 1.3772320830e-17
4.8820000000e+03 1.3690675982e-17
4.8830000000e+03 1.3609754996e-17
4.8840000000e+03 1.3529549341e-17
4.8850000000e+03 1.3450050611e-17
4.8860000000e+03 1.3371250520e-17
4.8870000000e+03 1.3293140909e-17
4.8880000000e+03 1.3215713732e-17
4.8890000000e+03 1.3138961064e-17
4.8900000000e+03 1.3062875091e-17
4.8910000000e+03 1.2987448116e-17
4.8920000000e+03 1.2912672550e-17
4.8930000000e+03 1.2838540912e-17
4.8940000000e+03 1.2765045832e-17
4.8950000000e+03 1.2692180041e-17
4.8960000000e+03 1.2619936376e-17
4.8970000000e+03 1.2548307774e-17
4.8980000000e+03 1.2477287274e-17
4.8990000000e+03 1.2406868011e-17
4.9000000000e+03 1.2337043218e-17
4.9010000000e+03 1.2267806223e-17
4.9020000000e+03 1.2199150446e-17
4.9030000000e+03 1.2131069400e-17
4.9040000000e+03 1.2063556689e-17
4.9050000000e+03 1.1996606003e-17
4.9060000000e+03 1.1930211121e-17
4.9070000000e+03 1.1864365910e-17
4.9080000000e+03 1.1799064317e-17
4.9090000000e+03 1.1734300375e-17
4.9100000000e+03 1.1670068197e-17
4.9110000000e+03 1.1606361980e-17
4.9120000000e+03 1.1543175994e-17
4.9130000000e+03 1.1480504592e-17
4.9140000000e+03 1.1418342201e-17
4.9150000000e+03 1.1356683324e-17
4.9160000000e+03 1.1295522537e-17
4.9170000000e+03 1.1234854490e-17
4.9180000000e+03 1.1174673904e-17
4.9190000000e+03 1.1114975571e-17
4.9200000000e+03 1.1055754352e-17
4.9210000000e+03 1.0997005176e-17
4.9220000000e+03 1.0938723040e-17
4.9230000000e+03 1.0880903006e-17
4.9240000000e+03 1.0823540202e-17
4.9250000000e+03 1.0766629820e-17
4.9260000000e+03 1.0710167114e-17
4.9270000000e+03 1.0654147402e-17
4.9280000000e+03 1.0598566062e-17
4.9290000000e+03 1.0543418531e-17
4.9300000000e+03 1.0488700306e-17
4.9310000000e+03 1.0434406944e-17
4.9320000000e+03 1.0380534057e-17
4.9330000000e+03 1.0327077314e-17
4.9340000000e+03 1.0274032440e-17
4.9350000000e+03 1.0221395216e-17
4.9360000000e+03 1.0169161474e-17
4.9370000000e+03 1.0117327102e-17
4.9380000000e+03 1.0065888038e-17
4.9390000000e+03 1.0014840274e-17
4.9400000000e+03 9.9641798492e-18
4.9410000000e+03 9.9139028560e-18
4.9420000000e+03 9.8640054344e-18
4.9430000000e+03 9.8144837733e-18
4.9440000000e+03 9.7653341091e-18
4.9450000000e+03 9.7165527252e-18
4.9460000000e+03 9.6681359516e-18
4.9470000000e+03 9.6200801635e-18
4.9480000000e+03 9.5723817813e-18
4.9490000000e+03 9.5250372696e-18
4.9500000000e+03 9.4780431365e-18
4.9510000000e+03 9.4313959332e-18
4.9520000000e+03 9.3850922532e-18
4.9530000000e+03 9.3391287317e-18
4.9540000000e+03 9.2935020449e-18
4.9550000000e+03 9.2482089097e-18
4.9560000000e+03 9.2032460827e-18
4.9570000000e+03 9.1586103600e-18
4.9580000000e+03 9.1142985763e-18
4.9590000000e+03 9.0703076046e-18
4.9600000000e+03 9.0266343555e-18
4.9610000000e+03 8.9832757766e-18
4.9620000000e+03 8.9402288523e-18
4.9630000000e+03 8.8974906029e-18
4.9640000000e+03 8.8550580842e-18
4.9650000000e+03 8.8129283871e-18
4.9660000000e+03 8.7710986368e-18
4.9670000000e+03 8.7295659930e-18
4.9680000000e+03 8.6883276484e-18
4.9690000000e+03 8.6473808291e-18
4.9700000000e+03 8.6067227937e-18
4.9710000000e+03 8.5663508330e-18
4.9720000000e+03 8.5262622696e-18
4.9730000000e+03 8.4864544570e-18
4.9740000000e+03 8.4469247800e-18
4.9750000000e+03 8.4076706533e-18
4.9760000000e+03 8.3686895218e-18
4.9770000000e+03 8.3299788601e-18
4.9780000000e+03 8.2915361717e-18
4.9790000000e+03 8.2533589889e-18
4.9800000000e+03 8.2154448723e-18
4.9810000000e+03 8.1777914107e-18
4.9820000000e+03 8.1403962200e-18
4.9830000000e+03 8.1032569437e-18
4.9840000000e+03 8.0663712521e-18
4.9850000000e+03 8.0297368416e-18
4.9860000000e+03 7.9933514350e-18
4.9870000000e+03 7.9572127809e-18
4.9880000000e+03 7.9213186529e-18
4.9890000000e+03 7.8856668502e-18
4.9900000000e+03 7.8502551962e-18
4.9910000000e+03 7.8150815389e-18
4.9920000000e+03 7.7801437505e-18
4.9930000000e+03 7.7454397266e-18
4.9940000000e+03 7.7109673865e-18
4.9950000000e+03 7.6767246725e-18
4.9960000000e+03 7.6427095496e-18
4.9970000000e+03 7.6089200054e-18
4.9980000000e+03 7.5753540496e-18
4.9990000000e+03 7.5420097140e-18
5.0000000000e+03 7.5088850519e-18
5.0010000000e+03 7.4759781377e-18
5.0020000000e+03 7.4432870673e-18
5.0030000000e+03 7.4108099570e-18
5.0040000000e+03 7.3785449437e-18
5.0050000000e+03 7.3464901847e-18
5.0060000000e+03 7.3146438570e-18
5.0070000000e+03 7.2830041576e-18
5.0080000000e+03 7.2515693026e-18
5.0090000000e+03 7.2203375277e-18
5.0100000000e+03 7.1893070873e-18
5.0110000000e+03 7.1584762545e-18
5.0120000000e+03 7.1278433211e-18
5.0130000000e+03 7.0974065969e-18
5.0140000000e+03 7.0671644099e-18
5.0150000000e+03 7.0371151057e-18
5.0160000000e+03 7.0072570475e-18
5.0170000000e+03 6.9775886158e-18
5.0180000000e+03 6.9481082084e-18
5.0190000000e+03 6.9188142398e-18
5.0200000000e+03 6.8897051411e-18
5.0210000000e+03 6.8607793601e-18
5.0220000000e+03 6.8320353608e-18
5.0230000000e+03 6.8034716230e-18
5.0240000000e+03 6.7750866426e-18
5.0250000000e+03 6.7468789313e-18
5.0260000000e+03 6.7188470158e-18
5.0270000000e+03 6.6909894385e-18
5.0280000000e+03 6.6633047567e-18
5.0290000000e+03 6.6357915426e-18
5.0300000000e+03 6.6084483831e-18
5.0310000000e+03 6.5812738796e-18
5.0320000000e+03 6.5542666480e-18
5.0330000000e+03 6.5274253182e-18
5.0340000000e+03 6.5007485341e-18
5.0350000000e+03 6.4742349536e-18
5.0360000000e+03 6.4478832481e-18
5.0370000000e+03 6.4216921025e-18
5.0380000000e+03 6.3956602151e-18
5.0390000000e+03 6.3697862973e-18
5.0400000000e+03 6.3440690736e-18
5.0410000000e+03 6.3185072812e-18
5.0420000000e+03 6.2930996701e-18
5.0430000000e+03 6.2678450029e-18
5.0440000000e+03 6.2427420544e-18
5.0450000000e+03 6.2177896118e-18
5.0460000000e+03 6.1929864744e-18
5.0470000000e+03 6.1683314533e-18
5.0480000000e+03 6.1438233716e-18
5.0490000000e+03 6.1194610639e-18
5.0500000000e+03 6.0952433764e-18
5.0510000000e+03 6.0711691667e-18
5.0520000000e+03 6.0472373037e-18
5.0530000000e+03 6.0234466674e-18
5.0540000000e+03 5.9997961486e-18
5.0550000000e+03 5.9762846494e-18
5.0560000000e+03 5.9529110822e-18
5.0570000000e+03 5.9296743702e-18
5.0580000000e+03 5.9065734472e-18
5.0590000000e+03 5.8836072570e-18
5.0600000000e+03 5.8607747541e-18
5.0610000000e+03 5.8380749029e-18
5.0620000000e+03 5.8155066777e-18
5.0630000000e+03 5.7930690629e-18
5.0640000000e+03 5.7707610525e-18
5.0650000000e+03 5.7485816504e-18
5.0660000000e+03 5.7265298697e-18
5.0670000000e+03 5.7046047334e-18
5.0680000000e+03 5.6828052734e-18
5.0690000000e+03 5.6611305311e-18
5.0700000000e+03 5.6395795569e-18
5.0710000000e+03 5.6181514103e-18
5.0720000000e+03 5.5968451597e-18
5.0730000000e+03 5.5756598822e-18
5.0740000000e+03 5.5545946638e-18
5.0750000000e+03 5.5336485990e-18
5.0760000000e+03 5.5128207908e-18
5.0770000000e+03 5.4921103508e-18
5.0780000000e+03 5.4715163987e-18
5.0790000000e+03 5.4510380625e-18
5.0800000000e+03 5.4306744785e-18
5.0810000000e+03 5.4104247909e-18
5.0820000000e+03 5.3902881518e-18
5.0830000000e+03 5.3702637214e-18
5.0840000000e+03 5.3503506675e-18
5.0850000000e+03 5.3305481656e-18
5.0860000000e+03 5.3108553990e-18
5.0870000000e+03 5.2912715583e-18
5.0880000000e+03 5.2717958416e-18
5.0890000000e+03 5.2524274546e-18
5.0900000000e+03 5.2331656099e-18
5.0910000000e+03 5.2140095276e-18
5.0920000000e+03 5.1949584349e-18
5.0930000000e+03 5.1760115658e-18
5.0940000000e+03 5.1571681615e-18
5.0950000000e+03 5.1384274701e-18
5.0960000000e+03 5.1197887464e-18
5.0970000000e+03 5.1012512520e-18
5.0980000000e+03 5.0828142552e-18
5.0990000000e+03 5.0644770309e-18
5.1000000000e+03 5.0462388604e-18
5.1010000000e+03 5.0280990316e-18
5.1020000000e+03 5.0100568388e-18
5.1030000000e+03 4.9921115826e-18
5.1040000000e+03 4.9742625697e-18
5.1050000000e+03 4.9565091131e-18
5.1060000000e+03 4.9388505320e-18
5.1070000000e+03 4.9212861516e-18
5.1080000000e+03 4.9038153030e-18
5.1090000000e+03 4.8864373233e-18
5.1100000000e+03 4.8691515554e-18
5.1110000000e+03 4.8519573482e-18
5.1120000000e+03 4.8348540560e-18
5.1130000000e+03 4.8178410391e-18
5.1140000000e+03 4.8009176634e-18
5.1150000000e+03 4.7840833000e-18
5.1160000000e+03 4.7673373259e-18
5.1170000000e+03 4.7506791233e-18
5.1180000000e+03 4.7341080800e-18
5.1190000000e+03 4.7176235889e-18
5.1200000000e+03 4.7012250484e-18
5.1210000000e+03 4.6849118619e-18
5.1220000000e+03 4.6686834382e-18
5.1230000000e+03 4.6525391909e-18
5.1240000000e+03 4.6364785390e-18
5.1250000000e+03 4.6205009062e-18
5.1260000000e+03 4.6046057215e-18
5.1270000000e+03 4.5887924185e-18
5.1280000000e+03 4.5730604357e-18
5.1290000000e+03 4.5574092166e-18
5.1300000000e+03 4.5418382092e-18
5.1310000000e+03 4.5263468664e-18
5.1320000000e+03 4.5109346457e-18
5.1330000000e+03 4.4956010091e-18
5.1340000000e+03 4.4803454234e-18
5.1350000000e+03 4.4651673596e-18
5.1360000000e+03 4.4500662935e-18
5.1370000000e+03 4.4350417050e-18
5.1380000000e+03 4.4200930788e-18
5.1390000000e+03 4.4052199035e-18
5.1400000000e+03 4.3904216722e-18
5.1410000000e+03 4.3756978823e-18
5.1420000000e+03 4.3610480353e-18
5.1430000000e+03 4.3464716369e-18
5.1440000000e+03 4.3319681970e-18
5.1450000000e+03 4.3175372294e-18
5.1460000000e+03 4.3031782521e-18
5.1470000000e+03 4.2888907871e-18
5.1480000000e+03 4.2746743603e-18
5.1490000000e+03 4.2605285014e-18
5.1500000000e+03 4.2464527444e-18
5.1510000000e+03 4.2324466266e-18
5.1520000000e+03 4.2185096894e-18
5.1530000000e+03 4.2046414781e-18
5.1540000000e+03 4.1908415415e-18
5.1550000000e+03 4.1771094322e-18
5.1560000000e+03 4.1634447063e-18
5.1570000000e+03 4.1498469238e-18
5.1580000000e+03 4.1363156480e-18
5.1590000000e+03 4.1228504461e-18
5.1600000000e+03 4.1094508884e-18
5.1610000000e+03 4.0961165490e-18
5.1620000000e+03 4.0828470053e-18
5.1630000000e+03 4.0696418382e-18
5.1640000000e+03 4.0565006319e-18
5.1650000000e+03 4.0434229741e-18
5.1660000000e+03 4.0304084556e-18
5.1670000000e+03 4.0174566707e-18
5.1680000000e+03 4.0045672167e-18
5.1690000000e+03 3.9917396945e-18
5.1700000000e+03 3.9789737078e-18
5.1710000000e+03 3.9662688636e-18
5.1720000000e+03 3.9536247723e-18
5.1730000000e+03 3.9410410469e-18
5.1740000000e+03 3.9285173040e-18
5.1750000000e+03 3.9160531627e-18
5.1760000000e+03 3.9036482457e-18
5.1770000000e+03 3.8913021781e-18
5.1780000000e+03 3.8790145884e-18
5.1790000000e+03 3.8667851079e-18
5.1800000000e+03 3.8546133707e-18
5.1810000000e+03 3.8424990138e-18
5.1820000000e+03 3.8304416772e-18
5.1830000000e+03 3.8184410036e-18
5.1840000000e+03 3.8064966384e-18
5.1850000000e+03 3.7946082300e-18
5.1860000000e+03 3.7827754294e-18
5.1870000000e+03 3.7709978903e-18
5.1880000000e+03 3.7592752691e-18
5.1890000000e+03 3.7476072249e-18
5.1900000000e+03 3.7359934195e-18
5.1910000000e+03 3.7244335172e-18
5.1920000000e+03 3.7129271849e-18
5.1930000000e+03 3.7014740922e-18
5.1940000000e+03 3.6900739111e-18
5.1950000000e+03 3.6787263162e-18
5.1960000000e+03 3.6674309846e-18
5.1970000000e+03 3.6561875957e-18
5.1980000000e+03 3.6449958317e-18
5.1990000000e+03 3.6338553769e-18
5.2000000000e+03 3.6227659182e-18
5.2010000000e+03 3.6117271448e-18
5.2020000000e+03 3.6007387483e-18
5.2030000000e+03 3.5898004226e-18
5.2040000000e+03 3.5789118640e-18
5.2050000000e+03 3.5680727710e-18
5.2060000000e+03 3.5572828445e-18
5.2070000000e+03 3.5465417875e-18
5.2080000000e+03 3.5358493054e-18
5.2090000000e+03 3.5252051057e-18
5.2100000000e+03 3.5146088982e-18
5.2110000000e+03 3.5040603947e-18
5.2120000000e+03 3.4935593094e-18
5.2130000000e+03 3.4831053584e-18
5.2140000000e+03 3.4726982602e-18
5.2150000000e+03 3.4623377351e-18
5.2160000000e+03 3.4520235057e-18
5.2170000000e+03 3.4417552965e-18
5.2180000000e+03 3.4315328342e-18
5.2190000000e+03 3.4213558474e-18
5.2200000000e+03 3.4112240668e-18
5.2210000000e+03 3.4011372250e-18
5.2220000000e+03 3.3910950567e-18
5.2230000000e+03 3.3810972985e-18
5.2240000000e+03 3.3711436889e-18
5.2250000000e+03 3.3612339683e-18
5.2260000000e+03 3.3513678790e-18
5.2270000000e+03 3.3415451654e-18
5.2280000000e+03 3.3317655735e-18
5.2290000000e+03 3.3220288513e-18
5.2300000000e+03 3.3123347485e-18
5.2310000000e+03 3.3026830169e-18
5.2320000000e+03 3.2930734098e-18
5.2330000000e+03 3.2835056825e-18
5.2340000000e+03 3.2739795919e-18
5.2350000000e+03 3.2644948968e-18
5.2360000000e+03 3.2550513578e-18
5.2370000000e+03 3.2456487370e-18
5.2380000000e+03 3.2362867984e-18
5.2390000000e+03 3.2269653076e-18
5.2400000000e+03 3.2176840320e-18
5.2410000000e+03 3.2084427406e-18
5.2420000000e+03 3.1992412040e-18
5.2430000000e+03 3.1900791946e-18
5.2440000000e+03 3.1809564862e-18
5.2450000000e+03 3.1718728544e-18
5.2460000000e+03 3.1628280763e-18
5.2470000000e+03 3.1538219307e-18
5.2480000000e+03 3.1448541979e-18
5.2490000000e+03 3.1359246598e-18
5.2500000000e+03 3.1270330996e-18
5.2510000000e+03 3.1181793024e-18
5.2520000000e+03 3.1093630547e-18
5.2530000000e+03 3.1005841444e-18
5.2540000000e+03 3.0918423610e-18
5.2550000000e+03 3.0831374953e-18
5.2560000000e+03 3.0744693399e-18
5.2570000000e+03 3.0658376886e-18
5.2580000000e+03 3.0572423367e-18
5.2590000000e+03 3.0486830810e-18
5.2600000000e+03 3.0401597195e-18
5.2610000000e+03 3.0316720520e-18
5.2620000000e+03 3.0232198794e-18
5.2630000000e+03 3.0148030040e-18
5.2640000000e+03 3.0064212296e-18
5.2650000000e+03 2.9980743612e-18
5.2660000000e+03 2.9897622054e-18
5.2670000000e+03 2.9814845698e-18
5.2680000000e+03 2.9732412637e-18
5.2690000000e+03 2.9650320974e-18
5.2700000000e+03 2.9568568826e-18
5.2710000000e+03 2.9487154325e-18
5.2720000000e+03 2.9406075614e-18
5.2730000000e+03 2.9325330847e-18
5.2740000000e+03 2.9244918195e-18
5.2750000000e+03 2.9164835837e-18
5.2760000000e+03 2.9085081969e-18
5.2770000000e+03 2.9005654794e-18
5.2780000000e+03 2.8926552532e-18
5.2790000000e+03 2.8847773413e-18
5.2800000000e+03 2.8769315679e-18
5.2810000000e+03 2.8691177585e-18
5.2820000000e+03 2.8613357396e-18
5.2830000000e+03 2.8535853390e-18
5.2840000000e+03 2.8458663857e-18
5.2850000000e+03 2.8381787097e-18
5.2860000000e+03 2.8305221424e-18
5.2870000000e+03 2.8228965160e-18
5.2880000000e+03 2.8153016642e-18
5.2890000000e+03 2.8077374214e-18
5.2900000000e+03 2.8002036236e-18
5.2910000000e+03 2.7927001074e-18
5.2920000000e+03 2.7852267109e-18
5.2930000000e+03 2.7777832731e-18
5.2940000000e+03 2.7703696340e-18
5.2950000000e+03 2.7629856348e-18
5.2960000000e+03 2.7556311176e-18
5.2970000000e+03 2.7483059258e-18
5.2980000000e+03 2.7410099037e-18
5.2990000000e+03 2.7337428966e-18
5.3000000000e+03 2.7265047508e-18
5.3010000000e+03 2.7192953137e-18
5.3020000000e+03 2.7121144337e-18
5.3030000000e+03 2.7049619601e-18
5.3040000000e+03 2.6978377434e-18
5.3050000000e+03 2.6907416349e-18
5.3060000000e+03 2.6836734868e-18
5.3070000000e+03 2.6766331526e-18
5.3080000000e+03 2.6696204864e-18
5.3090000000e+03 2.6626353435e-18
5.3100000000e+03 2.6556775801e-18
5.3110000000e+03 2.6487470532e-18
5.3120000000e+03 2.6418436208e-18
5.3130000000e+03 2.6349671419e-18
5.3140000000e+03 2.6281174765e-18
5.3150000000e+03 2.6212944851e-18
5.3160000000e+03 2.6144980296e-18
5.3170000000e+03 2.6077279725e-18
5.3180000000e+03 2.6009841773e-18
5.3190000000e+03 2.5942665083e-18
5.3200000000e+03 2.5875748307e-18
5.3210000000e+03 2.5809090106e-18
5.3220000000e+03 2.5742689150e-18
5.3230000000e+03 2.5676544117e-18
5.3240000000e+03 2.5610653693e-18
5.3250000000e+03 2.5545016573e-18
5.3260000000e+03 2.5479631461e-18
5.3270000000e+03 2.5414497068e-18
5.3280000000e+03 2.5349612113e-18
5.3290000000e+03 2.5284975325e-18
5.3300000000e+03 2.5220585440e-18
5.3310000000e+03 2.5156441203e-18
5.3320000000e+03 2.5092541364e-18
5.3330000000e+03 2.5028884684e-18
5.3340000000e+03 2.4965469930e-18
5.3350000000e+03 2.4902295880e-18
5.3360000000e+03 2.4839361315e-18
5.3370000000e+03 2.4776665027e-18
5.3380000000e+03 2.4714205814e-18
5.3390000000e+03 2.4651982483e-18
5.3400000000e+03 2.4589993848e-18
5.3410000000e+03 2.4528238729e-18
5.3420000000e+03 2.4466715956e-18
5.3430000000e+03 2.4405424363e-18
5.3440000000e+03 2.4344362795e-18
5.3450000000e+03 2.4283530102e-18
5.3460000000e+03 2.4222925140e-18
5.3470000000e+03 2.4162546776e-18
5.3480000000e+03 2.4102393881e-18
5.3490000000e+03 2.4042465333e-18
5.3500000000e+03 2.3982760018e-18
5.3510000000e+03 2.3923276830e-18
5.3520000000e+03 2.3864014666e-18
5.3530000000e+03 2.3804972435e-18
5.3540000000e+03 2.3746149048e-18
5.3550000000e+03 2.3687543426e-18
5.3560000000e+03 2.3629154495e-18
5.3570000000e+03 2.3570981189e-18
5.3580000000e+03 2.3513022445e-18
5.3590000000e+03 2.3455277212e-18
5.3600000000e+03 2.3397744441e-18
5.3610000000e+03 2.3340423092e-18
5.3620000000e+03 2.3283312129e-18
5.3630000000e+03 2.3226410524e-18
5.3640000000e+03 2.3169717256e-18
5.3650000000e+03 2.3113231309e-18
5.3660000000e+03 2.3056951672e-18
5.3670000000e+03 2.3000877343e-18
5.3680000000e+03 2.2945007324e-18
5.3690000000e+03 2.2889340624e-18
5.3700000000e+03 2.2833876257e-18
5.3710000000e+03 2.2778613244e-18
5.3720000000e+03 2.2723550611e-18
5.3730000000e+03 2.2668687392e-18
5.3740000000e+03 2.2614022623e-18
5.3750000000e+03 2.2559555350e-18
5.3760000000e+03 2.2505284622e-18
5.3770000000e+03 2.2451209494e-18
5.3780000000e+03 2.2397329028e-18
5.3790000000e+03 2.2343642290e-18
5.3800000000e+03 2.2290148353e-18
5.3810000000e+03 2.2236846295e-18
5.3820000000e+03 2.2183735199e-18
5.3830000000e+03 2.2130814154e-18
5.3840000000e+03 2.2078082254e-18
5.3850000000e+03 2.2025538599e-18
5.3860000000e+03 2.1973182295e-18
5.3870000000e+03 2.1921012450e-18
5.3880000000e+03 2.1869028182e-18
5.3890000000e+03 2.1817228611e-18
5.3900000000e+03 2.1765612863e-18
5.3910000000e+03 2.1714180070e-18
5.3920000000e+03 2.1662929367e-18
5.3930000000e+03 2.1611859896e-18
5.3940000000e+03 2.1560970804e-18
5.3950000000e+03 2.1510261242e-18
5.3960000000e+03 2.1459730366e-18
5.3970000000e+03 2.1409377339e-18
5.3980000000e+03 2.1359201326e-18
5.3990000000e+03 2.1309201500e-18
5.4000000000e+03 2.1259377035e-18
5.4010000000e+03 2.1209727112e-18
5.4020000000e+03 2.1160250919e-18
5.4030000000e+03 2.1110947644e-18
5.4040000000e+03 2.1061816483e-18
5.4050000000e+03 2.1012856636e-18
5.4060000000e+03 2.0964067307e-18
5.4070000000e+03 2.0915447706e-18
5.4080000000e+03 2.0866997046e-18
5.4090000000e+03 2.0818714545e-18
5.4100000000e+03 2.0770599426e-18
5.4110000000e+03 2.0722650916e-18
5.4120000000e+03 2.0674868246e-18
5.4130000000e+03 2.0627250654e-18
5.4140000000e+03 2.0579797379e-18
5.4150000000e+03 2.0532507667e-18
5.4160000000e+03 2.0485380765e-18
5.4170000000e+03 2.0438415929e-18
5.4180000000e+03 2.0391612415e-18
5.4190000000e+03 2.0344969486e-18
5.4200000000e+03 2.0298486408e-18
5.4210000000e+03 2.0252162451e-18
5.4220000000e+03 2.0205996889e-18
5.4230000000e+03 2.0159989002e-18
5.4240000000e+03 2.0114138073e-18
5.4250000000e+03 2.0068443387e-18
5.4260000000e+03 2.0022904237e-18
5.4270000000e+03 1.9977519916e-18
5.4280000000e+03 1.9932289724e-18
5.4290000000e+03 1.9887212964e-18
5.4300000000e+03 1.9842288943e-18
5.4310000000e+03 1.9797516970e-18
5.4320000000e+03 1.9752896362e-18
5.4330000000e+03 1.9708426436e-18
5.4340000000e+03 1.9664106514e-18
5.4350000000e+03 1.9619935924e-18
5.4360000000e+03 1.9575913993e-18
5.4370000000e+03 1.9532040057e-18
5.4380000000e+03 1.9488313453e-18
5.4390000000e+03 1.9444733522e-18
5.4400000000e+03 1.9401299608e-18
5.4410000000e+03 1.9358011059e-18
5.4420000000e+03 1.9314867229e-18
5.4430000000e+03 1.9271867472e-18
5.4440000000e+03 1.9229011148e-18
5.4450000000e+03 1.9186297619e-18
5.4460000000e+03 1.9143726252e-18
5.4470000000e+03 1.9101296417e-18
5.4480000000e+03 1.9059007487e-18
5.4490000000e+03 1.9016858839e-18
5.4500000000e+03 1.8974849853e-18
5.4510000000e+03 1.8932979912e-18
5.4520000000e+03 1.8891248404e-18
5.4530000000e+03 1.8849654719e-18
5.4540000000e+03 1.8808198252e-18
5.4550000000e+03 1.8766878398e-18
5.4560000000e+03 1.8725694558e-18
5.4570000000e+03 1.8684646136e-18
5.4580000000e+03 1.8643732540e-18
5.4590000000e+03 1.8602953179e-18
5.4600000000e+03 1.8562307466e-18
5.4610000000e+03 1.8521794818e-18
5.4620000000e+03 1.8481414656e-18
5.4630000000e+03 1.8441166401e-18
5.4640000000e+03 1.8401049481e-18
5.4650000000e+03 1.8361063324e-18
5.4660000000e+03 1.8321207363e-18
5.4670000000e+03 1.8281481032e-18
5.4680000000e+03 1.8241883771e-18
5.4690000000e+03 1.8202415021e-18
5.4700000000e+03 1.8163074226e-18
5.4710000000e+03 1.8123860835e-18
5.4720000000e+03 1.8084774296e-18
5.4730000000e+03 1.8045814065e-18
5.4740000000e+03 1.8006979597e-18
5.4750000000e+03 1.7968270351e-18
5.4760000000e+03 1.7929685790e-18
5.4770000000e+03 1.7891225379e-18
5.4780000000e+03 1.7852888585e-18
5.4790000000e+03 1.7814674880e-18
5.4800000000e+03 1.7776583737e-18
5.4810000000e+03 1.7738614633e-18
5.4820000000e+03 1.7700767047e-18
5.4830000000e+03 1.7663040461e-18
5.4840000000e+03 1.7625434359e-18
5.4850000000e+03 1.7587948229e-18
5.4860000000e+03 1.7550581562e-18
5.4870000000e+03 1.7513333849e-18
5.4880000000e+03 1.7476204588e-18
5.4890000000e+03 1.7439193276e-18
5.4900000000e+03 1.7402299414e-18
5.4910000000e+03 1.7365522506e-18
5.4920000000e+03 1.7328862058e-18
5.4930000000e+03 1.7292317578e-18
5.4940000000e+03 1.7255888578e-18
5.4950000000e+03 1.7219574573e-18
5.4960000000e+03 1.7183375078e-18
5.4970000000e+03 1.7147289612e-18
5.4980000000e+03 1.7111317698e-18
5.4990000000e+03 1.7075458859e-18
5.5000000000e+03 1.7039712621e-18
5.5010000000e+03 1.7004078515e-18
5.5020000000e+03 1.6968556071e-18
5.5030000000e+03 1.6933144823e-18
5.5040000000e+03 1.6897844308e-18
5.5050000000e+03 1.6862654065e-18
5.5060000000e+03 1.6827573634e-18
5.5070000000e+03 1.6792602559e-18
5.5080000000e+03 1.6757740387e-18
5.5090000000e+03 1.6722986665e-18
5.5100000000e+03 1.6688340944e-18
5.5110000000e+03 1.6653802778e-18
5.5120000000e+03 1.6619371720e-18
5.5130000000e+03 1.6585047330e-18
5.5140000000e+03 1.6550829166e-18
5.5150000000e+03 1.6516716792e-18
5.5160000000e+03 1.6482709770e-18
5.5170000000e+03 1.6448807669e-18
5.5180000000e+03 1.6415010056e-18
5.5190000000e+03 1.6381316503e-18
5.5200000000e+03 1.6347726583e-18
5.5210000000e+03 1.6314239871e-18
5.5220000000e+03 1.6280855946e-18
5.5230000000e+03 1.6247574386e-18
5.5240000000e+03 1.6214394774e-18
5.5250000000e+03 1.6181316694e-18
5.5260000000e+03 1.6148339732e-18
5.5270000000e+03 1.6115463476e-18
5.5280000000e+03 1.6082687517e-18
5.5290000000e+03 1.6050011447e-18
5.5300000000e+03 1.6017434860e-18
5.5310000000e+03 1.5984957354e-18
5.5320000000e+03 1.5952578526e-18
5.5330000000e+03 1.5920297977e-18
5.5340000000e+03 1.5888115311e-18
5.5350000000e+03 1.5856030131e-18
5.5360000000e+03 1.5824042045e-18
5.5370000000e+03 1.5792150660e-18
5.5380000000e+03 1.5760355589e-18
5.5390000000e+03 1.5728656442e-18
5.5400000000e+03 1.5697052835e-18
5.5410000000e+03 1.5665544384e-18
5.5420000000e+03 1.5634130708e-18
5.5430000000e+03 1.5602811426e-18
5.5440000000e+03 1.5571586162e-18
5.5450000000e+03 1.5540454538e-18
5.5460000000e+03 1.5509416182e-18
5.5470000000e+03 1.5478470720e-18
5.5480000000e+03 1.5447617783e-18
5.5490000000e+03 1.5416857002e-18
5.5500000000e+03 1.5386188010e-18
5.5510000000e+03 1.5355610443e-18
5.5520000000e+03 1.5325123937e-18
5.5530000000e+03 1.5294728131e-18
5.5540000000e+03 1.5264422667e-18
5.5550000000e+03 1.5234207185e-18
