4.971002429000000120e+03 1.017000000000000036e-30 1.029999999999999943e-01 7.589999999999999525e-02 2.667324300000000221e+03 6.800000000000000488e-01 -4.363999999999999824e-03
4.971006701999999677e+03 9.143000000000000566e-30 7.900000000000000078e-02 6.700000000000000400e-02 2.042031300000000101e+03 7.500000000000000000e-01 -6.161999999999999943e-03
4.971020993000000090e+03 1.476999999999999893e-26 8.100000000000000255e-02 6.750000000000000444e-02 1.276447599999999966e+03 7.500000000000000000e-01 -5.010999999999999829e-03
4.971049675000000207e+03 2.351999999999999972e-29 6.500000000000000222e-02 5.779999999999999721e-02 4.219310199999999895e+03 6.600000000000000311e-01 -7.964000000000000593e-03
4.971051669999999831e+03 2.604000000000000204e-26 8.200000000000000344e-02 6.759999999999999343e-02 2.625523299999999836e+03 7.500000000000000000e-01 -6.098000000000000122e-03
4.971062925000000178e+03 2.307000000000000038e-30 9.900000000000000466e-02 7.349999999999999589e-02 2.066409999999999854e+03 6.999999999999999556e-01 -4.069999999999999833e-03
4.971087217000000237e+03 1.780999999999999896e-29 7.499999999999999722e-02 6.610000000000000597e-02 3.641174599999999828e+03 7.399999999999999911e-01 -7.779999999999999589e-03
4.971122586999999839e+03 8.864999999999999758e-30 6.800000000000000488e-02 6.230000000000000121e-02 4.321381400000000212e+03 7.099999999999999645e-01 -7.405000000000000124e-03
4.971141405000000304e+03 2.363999999999999889e-30 1.010000000000000064e-01 7.459999999999999964e-02 2.038998399999999947e+03 6.899999999999999467e-01 -3.956000000000000315e-03
4.971188431999999921e+03 4.300999999999999686e-30 6.199999999999999956e-02 5.120000000000000245e-02 3.622164099999999962e+03 5.999999999999999778e-01 -7.998999999999999166e-03
4.971211894000000029e+03 2.349000000000000168e-30 1.029999999999999943e-01 7.589999999999999525e-02 2.014718200000000024e+03 6.800000000000000488e-01 -3.833000000000000036e-03
4.971234027999999853e+03 5.863999999999999726e-27 1.110000000000000014e-01 8.110000000000000542e-02 6.955494999999999663e+02 6.800000000000000488e-01 -4.119000000000000265e-03
4.971242841999999655e+03 2.908000000000000032e-26 8.300000000000000433e-02 6.779999999999999916e-02 2.597897899999999936e+03 7.399999999999999911e-01 -6.035000000000000434e-03
4.971257865999999922e+03 3.574000000000000130e-29 8.599999999999999312e-02 6.850000000000000533e-02 3.082370699999999943e+03 7.399999999999999911e-01 -4.780000000000000394e-03
4.971274032000000261e+03 2.253999999999999950e-30 1.049999999999999961e-01 7.739999999999999658e-02 1.993570099999999911e+03 6.800000000000000488e-01 -3.699000000000000031e-03
4.971274370000000090e+03 4.492000000000000038e-28 8.400000000000000522e-02 6.800000000000000488e-02 2.424571699999999964e+03 7.399999999999999911e-01 -4.952999999999999937e-03
4.971307396000000153e+03 4.758999999999999842e-27 7.499999999999999722e-02 6.610000000000000597e-02 2.850912499999999909e+03 7.399999999999999911e-01 -6.623999999999999680e-03
4.971327508999999736e+03 2.074000000000000145e-30 1.079999999999999988e-01 7.910000000000000364e-02 1.975554200000000037e+03 6.800000000000000488e-01 -3.547999999999999939e-03
4.971351443999999901e+03 2.770000000000000091e-30 7.599999999999999811e-02 6.629999999999999782e-02 2.778574999999999818e+03 7.399999999999999911e-01 -6.402999999999999838e-03
4.971362256999999772e+03 1.203000000000000016e-28 7.199999999999999456e-02 6.489999999999999936e-02 2.454951599999999871e+03 7.299999999999999822e-01 -5.452000000000000249e-03
4.971372062999999798e+03 1.811000000000000109e-30 1.110000000000000014e-01 8.110000000000000542e-02 1.960671100000000024e+03 6.800000000000000488e-01 -3.373000000000000130e-03
4.971373604000000341e+03 3.169000000000000027e-23 1.110000000000000014e-01 8.110000000000000542e-02 6.892553000000000338e+02 6.800000000000000488e-01 -3.386999999999999820e-03
4.971384909000000334e+03 8.947000000000000139e-22 1.110000000000000014e-01 8.110000000000000542e-02 2.809509999999999863e+01 6.800000000000000488e-01 -4.817000000000000101e-03
4.971387606999999662e+03 2.911000000000000023e-25 7.399999999999999634e-02 6.569999999999999452e-02 2.202956200000000081e+03 7.399999999999999911e-01 -6.732000000000000137e-03
4.971462042000000110e+03 4.606999999999999879e-30 6.700000000000000400e-02 6.169999999999999790e-02 4.420401100000000042e+03 6.999999999999999556e-01 -8.779000000000000345e-03
4.971474780999999894e+03 1.242999999999999970e-24 9.199999999999999845e-02 7.019999999999999851e-02 1.589656600000000026e+03 7.299999999999999822e-01 -5.261000000000000051e-03
4.971513984000000164e+03 2.356000000000000014e-30 6.700000000000000400e-02 6.140000000000000319e-02 4.274351300000000265e+03 6.999999999999999556e-01 -7.047000000000000312e-03
4.971544764999999643e+03 1.344999999999999972e-29 6.400000000000000133e-02 5.709999999999999798e-02 4.340155700000000252e+03 6.600000000000000311e-01 -8.035999999999999741e-03
4.971590997000000243e+03 3.084999999999999837e-30 6.600000000000000311e-02 6.049999999999999822e-02 4.594683899999999994e+03 6.899999999999999467e-01 -7.656999999999999744e-03
4.971592423000000053e+03 1.683999999999999972e-29 7.399999999999999634e-02 6.569999999999999452e-02 3.715307299999999941e+03 7.399999999999999911e-01 -7.903999999999999568e-03
4.971613086000000294e+03 3.911999999999999962e-30 6.600000000000000311e-02 6.079999999999999988e-02 4.541964700000000448e+03 6.899999999999999467e-01 -7.616000000000000374e-03
4.971692101999999977e+03 2.254999999999999978e-30 6.700000000000000400e-02 6.110000000000000153e-02 4.522527100000000246e+03 6.999999999999999556e-01 -8.876999999999999474e-03
4.971789850000000115e+03 3.125999999999999965e-24 1.000000000000000056e-01 7.399999999999999634e-02 1.494307099999999991e+03 6.999999999999999556e-01 -4.478000000000000209e-03
4.971790490999999747e+03 4.066000000000000283e-27 7.499999999999999722e-02 6.590000000000000024e-02 2.887737299999999777e+03 7.399999999999999911e-01 -6.679000000000000041e-03
4.971812974000000395e+03 1.055000000000000053e-30 6.600000000000000311e-02 6.049999999999999822e-02 4.627758300000000418e+03 6.899999999999999467e-01 -8.970999999999999808e-03
4.971861337999999705e+03 4.283999999999999909e-29 6.900000000000000577e-02 6.289999999999999758e-02 3.811409599999999955e+03 7.099999999999999645e-01 -6.879999999999999831e-03
4.971990391000000272e+03 2.216000000000000140e-27 8.400000000000000522e-02 6.800000000000000488e-02 1.907712299999999914e+03 7.399999999999999911e-01 -4.972999999999999990e-03
4.972012152999999671e+03 7.566999999999999706e-30 6.400000000000000133e-02 5.639999999999999875e-02 4.464088999999999942e+03 6.500000000000000222e-01 -8.106000000000000358e-03
4.972033739000000423e+03 2.046000000000000119e-26 8.000000000000000167e-02 6.729999999999999871e-02 2.685588999999999942e+03 7.500000000000000000e-01 -6.220999999999999967e-03
4.972044205000000147e+03 3.824000000000000050e-27 1.120000000000000023e-01 8.219999999999999529e-02 6.892553000000000338e+02 6.800000000000000488e-01 -4.061000000000000373e-03
4.972057369000000108e+03 1.506000000000000013e-29 7.299999999999999545e-02 6.529999999999999694e-02 3.792554200000000037e+03 7.399999999999999911e-01 -8.023999999999999883e-03
4.972065496000000167e+03 1.417000000000000090e-28 7.199999999999999456e-02 6.510000000000000508e-02 2.413513600000000224e+03 7.399999999999999911e-01 -5.424000000000000002e-03
4.972083297000000130e+03 1.170999999999999991e-24 9.099999999999999756e-02 6.990000000000000380e-02 1.610013799999999947e+03 7.299999999999999822e-01 -5.337999999999999863e-03
4.972121380999999928e+03 7.960999999999999570e-30 6.400000000000000133e-02 5.539999999999999786e-02 4.065522300000000087e+03 6.400000000000000133e-01 -7.604999999999999781e-03
4.972144411999999647e+03 3.472000000000000161e-23 1.089999999999999997e-01 8.010000000000000453e-02 6.955494999999999663e+02 6.800000000000000488e-01 -3.537000000000000213e-03
4.972166694999999891e+03 2.090000000000000052e-25 7.299999999999999545e-02 6.529999999999999694e-02 2.280119999999999891e+03 7.399999999999999911e-01 -6.836000000000000063e-03
4.972195311000000402e+03 1.871000000000000044e-30 6.600000000000000311e-02 5.979999999999999899e-02 4.703141499999999724e+03 6.800000000000000488e-01 -7.736999999999999954e-03
4.972268388999999843e+03 3.459999999999999818e-27 7.399999999999999634e-02 6.569999999999999452e-02 2.925343899999999849e+03 7.399999999999999911e-01 -6.732000000000000137e-03
4.972277763000000050e+03 2.389999999999999919e-30 6.600000000000000311e-02 6.019999999999999657e-02 4.648920799999999872e+03 6.899999999999999467e-01 -7.696999999999999849e-03
4.972282525999999962e+03 4.065999999999999852e-26 7.799999999999999989e-02 6.679999999999999827e-02 7.043005000000000564e+02 7.500000000000000000e-01 -5.323999999999999740e-03
4.972311405000000377e+03 2.305000000000000074e-26 8.100000000000000255e-02 6.750000000000000444e-02 2.656546899999999823e+03 7.500000000000000000e-01 -6.159999999999999677e-03
4.972382101000000148e+03 1.820000000000000040e-28 1.000000000000000056e-01 7.399999999999999634e-02 1.494307099999999991e+03 6.999999999999999556e-01 -3.684999999999999908e-03
4.972396547000000282e+03 1.905000000000000019e-29 9.299999999999999933e-02 7.049999999999999323e-02 3.864651299999999992e+03 7.199999999999999734e-01 -5.586999999999999952e-03
4.972435612999999648e+03 1.736000000000000136e-26 8.300000000000000433e-02 6.779999999999999916e-02 1.216351000000000113e+03 7.399999999999999911e-01 -4.955000000000000203e-03
4.972451893999999811e+03 4.192000000000000125e-30 6.400000000000000133e-02 5.569999999999999951e-02 4.591107799999999770e+03 6.400000000000000133e-01 -8.174999999999999975e-03
4.972453639999999723e+03 2.660000000000000152e-30 7.499999999999999722e-02 6.610000000000000597e-02 2.813231299999999919e+03 7.399999999999999911e-01 -6.439000000000000279e-03
4.972485007999999652e+03 1.341000000000000140e-29 7.199999999999999456e-02 6.489999999999999936e-02 3.872914400000000114e+03 7.299999999999999822e-01 -8.139999999999999666e-03
4.972488913999999568e+03 2.558999999999999793e-28 8.400000000000000522e-02 6.800000000000000488e-02 1.805252300000000105e+03 7.399999999999999911e-01 -6.035000000000000434e-03
4.972493234999999913e+03 3.574000000000000130e-28 8.100000000000000255e-02 6.750000000000000444e-02 2.512612200000000030e+03 7.500000000000000000e-01 -5.118000000000000153e-03
4.972686907999999676e+03 1.096000000000000019e-24 8.999999999999999667e-02 6.969999999999999807e-02 1.631152700000000095e+03 7.299999999999999822e-01 -5.414000000000000409e-03
4.972738570999999865e+03 2.931999999999999863e-27 7.399999999999999634e-02 6.550000000000000266e-02 2.963730399999999918e+03 7.399999999999999911e-01 -6.785000000000000232e-03
4.972769897000000128e+03 1.116000000000000016e-30 6.500000000000000222e-02 5.920000000000000262e-02 4.814695999999999913e+03 6.800000000000000488e-01 -7.813999999999999765e-03
4.972786700999999994e+03 2.274000000000000133e-27 1.140000000000000041e-01 8.340000000000000191e-02 6.838124000000000251e+02 6.800000000000000488e-01 -3.994000000000000154e-03
4.972798028999999588e+03 3.738000000000000069e-23 1.079999999999999988e-01 7.910000000000000364e-02 7.025362999999999829e+02 6.800000000000000488e-01 -3.677000000000000147e-03
4.972825555000000350e+03 3.194999999999999846e-29 8.400000000000000522e-02 6.809999999999999387e-02 3.134531599999999798e+03 7.399999999999999911e-01 -4.897000000000000311e-03
4.972833123999999771e+03 1.580999999999999992e-28 7.299999999999999545e-02 6.529999999999999694e-02 2.372861300000000028e+03 7.399999999999999911e-01 -5.395999999999999755e-03
4.972864061000000220e+03 2.286999999999999826e-30 6.400000000000000133e-02 5.500000000000000028e-02 4.721209700000000339e+03 6.400000000000000133e-01 -8.241999999999999327e-03
4.972879791000000296e+03 1.189999999999999959e-29 7.099999999999999367e-02 6.450000000000000178e-02 3.956386899999999969e+03 7.299999999999999822e-01 -8.253999999999999185e-03
4.972881233000000066e+03 3.832000000000000095e-28 8.200000000000000344e-02 6.759999999999999343e-02 2.481562399999999798e+03 7.500000000000000000e-01 -5.063999999999999925e-03
4.972913714999999684e+03 1.475999999999999954e-25 7.199999999999999456e-02 6.489999999999999936e-02 2.360388600000000224e+03 7.299999999999999822e-01 -6.937999999999999723e-03
4.972917685000000347e+03 1.436000000000000078e-30 6.600000000000000311e-02 5.949999999999999734e-02 4.758979900000000271e+03 6.800000000000000488e-01 -7.775999999999999926e-03
4.972986633000000438e+03 1.580000000000000118e-26 7.900000000000000078e-02 6.700000000000000400e-02 2.748768599999999878e+03 7.500000000000000000e-01 -6.341000000000000282e-03
4.973041455999999926e+03 7.109000000000000421e-22 1.140000000000000041e-01 8.340000000000000191e-02 1.638899999999999935e+01 6.800000000000000488e-01 -4.648000000000000222e-03
4.973074265000000196e+03 3.058999999999999971e-24 9.800000000000000377e-02 7.299999999999999545e-02 1.521615399999999909e+03 6.999999999999999556e-01 -4.669000000000000407e-03
4.973203865999999834e+03 2.473999999999999926e-27 7.299999999999999545e-02 6.529999999999999694e-02 3.002898499999999785e+03 7.399999999999999911e-01 -6.836000000000000063e-03
4.973248279999999795e+03 1.049999999999999947e-29 7.000000000000000666e-02 6.400000000000000133e-02 4.042970800000000054e+03 7.199999999999999734e-01 -8.364999999999999172e-03
4.973248741999999766e+03 1.228000000000000011e-30 6.300000000000000044e-02 5.430000000000000104e-02 4.854392200000000230e+03 6.300000000000000044e-01 -8.307999999999999413e-03
4.973282095999999910e+03 1.022000000000000045e-24 8.899999999999999578e-02 6.940000000000000335e-02 1.653074200000000019e+03 7.299999999999999822e-01 -5.487999999999999823e-03
4.973328188000000409e+03 3.127999999999999994e-30 7.699999999999999900e-02 6.660000000000000642e-02 2.707404899999999998e+03 7.399999999999999911e-01 -6.329999999999999689e-03
4.973354256999999961e+03 1.793999999999999914e-26 8.000000000000000167e-02 6.710000000000000686e-02 2.718318000000000211e+03 7.500000000000000000e-01 -6.282000000000000257e-03
4.973389997000000221e+03 1.039999999999999947e-29 8.000000000000000167e-02 6.729999999999999871e-02 1.977093800000000101e+03 7.500000000000000000e-01 -6.088999999999999795e-03
4.973428767999999764e+03 8.073999999999999944e-30 6.300000000000000044e-02 5.190000000000000169e-02 3.474028600000000097e+03 5.999999999999999778e-01 -7.945000000000000673e-03
4.973526765999999952e+03 2.457000000000000132e-27 8.500000000000000611e-02 6.829999999999999960e-02 1.852346600000000080e+03 7.399999999999999911e-01 -4.917000000000000363e-03
4.973544856000000436e+03 1.837000000000000013e-28 7.399999999999999634e-02 6.550000000000000266e-02 2.332982100000000173e+03 7.399999999999999911e-01 -5.368000000000000375e-03
4.973577197999999953e+03 3.967999999999999932e-23 1.069999999999999979e-01 7.820000000000000562e-02 7.104162999999999784e+02 6.800000000000000488e-01 -3.808999999999999886e-03
4.973582916999999725e+03 1.180000000000000031e-27 1.160000000000000059e-01 8.469999999999999751e-02 6.790990000000000464e+02 6.899999999999999467e-01 -3.912999999999999812e-03
4.973599784000000000e+03 9.186000000000000373e-30 6.900000000000000577e-02 6.350000000000000089e-02 4.132665299999999661e+03 7.199999999999999734e-01 -8.472000000000000364e-03
4.973628614000000198e+03 1.024999999999999968e-25 7.099999999999999367e-02 6.450000000000000178e-02 2.443760400000000118e+03 7.299999999999999822e-01 -7.036999999999999852e-03
4.973661081999999624e+03 2.077999999999999870e-27 7.199999999999999456e-02 6.510000000000000508e-02 3.042845899999999801e+03 7.399999999999999911e-01 -6.888000000000000025e-03
4.973863080000000082e+03 1.986999999999999884e-26 8.400000000000000522e-02 6.809999999999999387e-02 1.159370300000000043e+03 7.399999999999999911e-01 -4.899999999999999842e-03
4.973873019999999997e+03 9.474000000000000726e-25 8.799999999999999489e-02 6.919999999999999762e-02 1.675777199999999993e+03 7.399999999999999911e-01 -5.559999999999999838e-03
4.973882483000000320e+03 3.675999999999999809e-26 7.699999999999999900e-02 6.650000000000000355e-02 7.721106999999999516e+02 7.399999999999999911e-01 -5.422999999999999869e-03
4.973910401000000093e+03 1.199000000000000020e-26 7.699999999999999900e-02 6.660000000000000642e-02 2.815061099999999897e+03 7.399999999999999911e-01 -6.457000000000000066e-03
4.973946573999999600e+03 7.886000000000000265e-30 6.900000000000000577e-02 6.289999999999999758e-02 4.225469100000000253e+03 7.099999999999999645e-01 -8.576999999999999555e-03
4.973989225999999690e+03 6.615999999999999879e-29 6.900000000000000577e-02 6.350000000000000089e-02 3.717956900000000132e+03 7.199999999999999734e-01 -6.812000000000000347e-03
4.973996156999999585e+03 2.922999999999999935e-28 8.000000000000000167e-02 6.710000000000000686e-02 2.574422300000000178e+03 7.500000000000000000e-01 -5.223000000000000212e-03
4.974084079999999631e+03 1.064000000000000089e-28 9.800000000000000377e-02 7.299999999999999545e-02 1.521615399999999909e+03 6.999999999999999556e-01 -3.853000000000000088e-03
4.974113793000000442e+03 1.738999999999999926e-27 7.199999999999999456e-02 6.489999999999999936e-02 3.083574900000000071e+03 7.299999999999999822e-01 -6.937999999999999723e-03
4.974193333000000166e+03 4.158999999999999796e-23 1.049999999999999961e-01 7.739999999999999658e-02 7.189419000000000324e+02 6.800000000000000488e-01 -3.933999999999999997e-03
4.974268841000000066e+03 3.033000000000000127e-30 7.699999999999999900e-02 6.650000000000000355e-02 2.740672700000000077e+03 7.399999999999999911e-01 -6.366000000000000131e-03
4.974283226999999897e+03 4.036999999999999972e-30 6.800000000000000488e-02 6.210000000000000242e-02 4.172280899999999747e+03 7.099999999999999645e-01 -6.981000000000000226e-03
4.974302778999999646e+03 6.549000000000000518e-30 6.800000000000000488e-02 6.230000000000000121e-02 4.321381400000000212e+03 7.099999999999999645e-01 -8.680000000000000215e-03
4.974307450000000244e+03 2.037000000000000030e-28 7.399999999999999634e-02 6.569999999999999452e-02 2.293886800000000221e+03 7.399999999999999911e-01 -5.340000000000000129e-03
4.974311348999999609e+03 7.004000000000000373e-26 7.000000000000000666e-02 6.400000000000000133e-02 2.530233900000000176e+03 7.199999999999999734e-01 -7.132999999999999584e-03
4.974319234999999935e+03 2.502000000000000040e-28 8.500000000000000611e-02 6.829999999999999960e-02 1.749859999999999900e+03 7.399999999999999911e-01 -5.961000000000000153e-03
4.974328910999999607e+03 2.915000000000000012e-24 9.600000000000000200e-02 7.199999999999999456e-02 1.552043300000000045e+03 7.099999999999999645e-01 -4.849000000000000012e-03
4.974335911999999553e+03 2.117000000000000092e-29 9.500000000000000111e-02 7.119999999999999940e-02 3.826694500000000062e+03 7.199999999999999734e-01 -5.513999999999999804e-03
4.974343216000000211e+03 4.902999999999999764e-28 1.179999999999999938e-01 8.619999999999999885e-02 6.752048999999999523e+02 6.899999999999999467e-01 -3.811999999999999850e-03
4.974371431999999913e+03 1.373000000000000073e-26 7.799999999999999989e-02 6.679999999999999827e-02 2.783210199999999986e+03 7.500000000000000000e-01 -6.399000000000000174e-03
4.974394643999999971e+03 2.783999999999999784e-29 8.300000000000000433e-02 6.779999999999999916e-02 3.189801500000000033e+03 7.399999999999999911e-01 -5.009000000000000431e-03
4.974403140000000349e+03 1.089999999999999986e-30 6.600000000000000311e-02 6.049999999999999822e-02 3.959608700000000226e+03 6.899999999999999467e-01 -5.885999999999999739e-03
4.974454764000000068e+03 8.745000000000000035e-25 8.799999999999999489e-02 6.890000000000000291e-02 1.699262500000000045e+03 7.399999999999999911e-01 -5.631999999999999854e-03
4.974487272000000303e+03 3.195999999999999930e-28 8.000000000000000167e-02 6.729999999999999871e-02 2.541668999999999869e+03 7.500000000000000000e-01 -5.171000000000000249e-03
4.974557985999999801e+03 1.448999999999999958e-27 7.099999999999999367e-02 6.469999999999999363e-02 3.125082499999999982e+03 7.299999999999999822e-01 -6.988000000000000288e-03
4.974578406999999970e+03 3.328999999999999689e-30 1.179999999999999938e-01 8.619999999999999885e-02 1.937159100000000080e+03 6.899999999999999467e-01 -2.036000000000000049e-03
4.974668591999999990e+03 4.945999999999999882e-22 1.179999999999999938e-01 8.619999999999999885e-02 7.804299999999999571e+00 6.899999999999999467e-01 -4.414000000000000389e-03
4.974681172999999944e+03 5.177999999999999815e-30 6.700000000000000400e-02 6.169999999999999790e-02 4.420401100000000042e+03 6.999999999999999556e-01 -7.491000000000000263e-03
4.974701350000000275e+03 1.672000000000000055e-30 8.599999999999999312e-02 6.850000000000000533e-02 1.748577900000000000e+03 7.399999999999999911e-01 -5.858999999999999625e-03
4.974704678000000058e+03 1.488000000000000068e-29 6.400000000000000133e-02 5.609999999999999709e-02 3.935822299999999814e+03 6.500000000000000222e-01 -7.545999999999999756e-03
4.974805096000000049e+03 8.937000000000000582e-27 7.599999999999999811e-02 6.629999999999999782e-02 2.884465400000000045e+03 7.399999999999999911e-01 -6.569000000000000186e-03
4.974961892000000262e+03 4.708000000000000101e-26 6.900000000000000577e-02 6.350000000000000089e-02 2.619807499999999891e+03 7.199999999999999734e-01 -7.225999999999999784e-03
4.974984739999999874e+03 4.311999999999999840e-23 1.039999999999999952e-01 7.660000000000000142e-02 7.284122999999999593e+02 6.800000000000000488e-01 -4.052000000000000046e-03
4.974998136999999588e+03 1.201999999999999954e-27 7.099999999999999367e-02 6.450000000000000178e-02 3.167371599999999944e+03 7.299999999999999822e-01 -7.036999999999999852e-03
4.975026407999999719e+03 2.337000000000000167e-28 7.499999999999999722e-02 6.590000000000000024e-02 2.255566800000000057e+03 7.399999999999999911e-01 -5.311999999999999882e-03
4.975033086000000367e+03 8.027000000000000232e-25 8.699999999999999400e-02 6.869999999999999718e-02 1.723529199999999946e+03 7.399999999999999911e-01 -5.701999999999999603e-03
4.975065408999999818e+03 2.650999999999999913e-27 8.699999999999999400e-02 6.869999999999999718e-02 1.800095700000000079e+03 7.399999999999999911e-01 -4.862000000000000002e-03
4.975088888999999654e+03 3.854999999999999761e-30 6.700000000000000400e-02 6.110000000000000153e-02 4.522527100000000246e+03 6.999999999999999556e-01 -7.575000000000000136e-03
4.975130285000000185e+03 1.277999999999999938e-28 1.199999999999999956e-01 8.799999999999999489e-02 6.720675999999999704e+02 6.999999999999999556e-01 -3.668999999999999952e-03
4.975286023999999998e+03 1.062999999999999927e-30 7.399999999999999634e-02 6.569999999999999452e-02 2.255566800000000057e+03 7.399999999999999911e-01 -5.660000000000000100e-03
4.975287639000000127e+03 3.441000000000000035e-30 7.900000000000000078e-02 6.700000000000000400e-02 2.639353599999999915e+03 7.500000000000000000e-01 -6.256000000000000276e-03
4.975302571999999600e+03 2.212000000000000108e-26 8.599999999999999312e-02 6.850000000000000533e-02 1.105506599999999935e+03 7.399999999999999911e-01 -4.845000000000000348e-03
4.975362968000000365e+03 1.032000000000000005e-26 7.699999999999999900e-02 6.650000000000000355e-02 2.851222600000000057e+03 7.399999999999999911e-01 -6.513999999999999825e-03
4.975429245000000265e+03 9.936000000000000380e-28 7.000000000000000666e-02 6.419999999999999318e-02 3.210438599999999951e+03 7.299999999999999822e-01 -7.085000000000000152e-03
4.975481329999999616e+03 3.408999999999999836e-30 8.500000000000000611e-02 6.829999999999999960e-02 1.774407799999999952e+03 7.399999999999999911e-01 -5.926999999999999977e-03
4.975485709999999926e+03 3.263000000000000174e-26 7.499999999999999722e-02 6.610000000000000597e-02 8.430300999999999476e+02 7.399999999999999911e-01 -5.518000000000000335e-03
4.975497548999999708e+03 2.337000000000000167e-28 7.799999999999999989e-02 6.679999999999999827e-02 2.639353599999999915e+03 7.500000000000000000e-01 -5.323999999999999740e-03
4.975525289000000157e+03 2.699999999999999875e-30 6.600000000000000311e-02 6.049999999999999822e-02 4.627758300000000418e+03 6.899999999999999467e-01 -7.656999999999999744e-03
4.975553834000000279e+03 2.712000000000000036e-24 9.500000000000000111e-02 7.119999999999999940e-02 1.585590400000000045e+03 7.199999999999999734e-01 -5.019000000000000024e-03
4.975559503999999833e+03 4.424000000000000111e-23 1.029999999999999943e-01 7.589999999999999525e-02 7.384717000000000553e+02 6.800000000000000488e-01 -4.165000000000000299e-03
4.975580229999999574e+03 3.114999999999999790e-26 6.900000000000000577e-02 6.289999999999999758e-02 2.712479499999999916e+03 7.099999999999999645e-01 -7.316999999999999720e-03
4.975601246000000174e+03 7.338000000000000346e-25 8.599999999999999312e-02 6.850000000000000533e-02 1.748577999999999975e+03 7.399999999999999911e-01 -5.771000000000000088e-03
4.975651429999999891e+03 1.488000000000000068e-29 6.300000000000000044e-02 5.260000000000000092e-02 3.328957800000000134e+03 6.099999999999999867e-01 -7.891000000000000444e-03
4.975670777000000271e+03 6.550999999999999991e-27 7.499999999999999722e-02 6.590000000000000024e-02 2.956980599999999868e+03 7.399999999999999911e-01 -6.679000000000000041e-03
4.975735349999999926e+03 1.149999999999999956e-29 8.200000000000000344e-02 6.759999999999999343e-02 1.915278700000000072e+03 7.500000000000000000e-01 -6.016999999999999779e-03
4.975785265000000436e+03 2.571999999999999878e-28 7.499999999999999722e-02 6.610000000000000597e-02 2.218029500000000098e+03 7.399999999999999911e-01 -5.283000000000000369e-03
4.975800782999999683e+03 8.429999999999999862e-29 9.600000000000000200e-02 7.199999999999999456e-02 1.552043300000000045e+03 7.099999999999999645e-01 -4.013000000000000074e-03
4.975856867999999849e+03 8.178000000000000177e-28 7.000000000000000666e-02 6.400000000000000133e-02 3.254287299999999959e+03 7.199999999999999734e-01 -7.132999999999999584e-03
4.975931153000000450e+03 1.640999999999999885e-30 6.700000000000000400e-02 6.110000000000000153e-02 3.852958399999999983e+03 6.999999999999999556e-01 -5.833999999999999776e-03
4.975965344000000186e+03 2.366000000000000085e-29 8.100000000000000255e-02 6.750000000000000444e-02 3.248179299999999785e+03 7.500000000000000000e-01 -5.118000000000000153e-03
4.975983820999999807e+03 1.704999999999999932e-30 6.600000000000000311e-02 5.979999999999999899e-02 4.736093600000000151e+03 6.800000000000000488e-01 -7.736999999999999954e-03
