1.8143300000e+00 9.9999252486e-01
1.8284900000e+00 9.9999957336e-01
1.8426300000e+00 9.9999965849e-01
1.8567700000e+00 9.9999527819e-01
1.8708900000e+00 9.9556755974e-01
1.8850000000e+00 9.8479126199e-01
1.8990901000e+00 9.8847308439e-01
1.9131700000e+00 9.9775865992e-01
1.9272400000e+00 9.9946407799e-01
1.9412900000e+00 9.0609340507e-01
1.9553300000e+00 7.0049238731e-01
1.9693500000e+00 5.4162519073e-01
1.9833500000e+00 9.7004903265e-01
1.9973400000e+00 9.2501784156e-01
2.0113201000e+00 5.0933964011e-01
2.0252800000e+00 8.4763303761e-01
2.0392201000e+00 9.6979575372e-01
2.0531399000e+00 4.9683339015e-01
2.0670500000e+00 8.5152803623e-01
2.0809400000e+00 8.8551802671e-01
2.0948100000e+00 9.5839051300e-01
2.1086600000e+00 9.8388162024e-01
2.1224899000e+00 9.9886943388e-01
2.1363101000e+00 9.9996838719e-01
2.1501000000e+00 9.9994197500e-01
2.1638801000e+00 9.9800057878e-01
2.1776299000e+00 9.8555453101e-01
