1.8143300000e+00 9.9996852358e-01
1.8284900000e+00 9.9999605827e-01
1.8426300000e+00 9.9999905483e-01
1.8567700000e+00 9.9980483696e-01
1.8708900000e+00 9.8031635313e-01
1.8850000000e+00 9.6906767967e-01
1.8990901000e+00 9.8812026185e-01
1.9131700000e+00 9.9628932572e-01
1.9272400000e+00 9.9285167770e-01
1.9412900000e+00 8.9381198077e-01
1.9553300000e+00 7.0990450990e-01
1.9693500000e+00 7.8631652405e-01
1.9833500000e+00 9.5371754225e-01
1.9973400000e+00 7.1978800948e-01
2.0113201000e+00 4.8999983267e-01
2.0252800000e+00 7.3688463293e-01
2.0392201000e+00 9.1711268742e-01
2.0531399000e+00 8.1722053619e-01
2.0670500000e+00 7.7591879152e-01
2.0809400000e+00 8.6587493767e-01
2.0948100000e+00 9.3641296736e-01
2.1086600000e+00 9.7914228525e-01
2.1224899000e+00 9.9646521171e-01
2.1363101000e+00 9.9952738811e-01
2.1501000000e+00 9.9945037537e-01
2.1638801000e+00 9.9534112688e-01
2.1776299000e+00 9.9349985585e-01
