0.000000000000000000e+00 6.330000000000000000e+02 2.147179487179487296e+02
2.000000000000000000e+00 5.277092871286107538e+02 2.115925725291922674e+02
4.000000000000000000e+00 4.399322144104053223e+02 2.084671963404357768e+02
6.000000000000000000e+00 3.667556323087300711e+02 2.053418201516793147e+02
8.000000000000000000e+00 3.057509530427217328e+02 2.022164439629228525e+02
1.000000000000000000e+01 2.548935505040569467e+02 1.990910677741663903e+02
1.200000000000000000e+01 2.124955668723166298e+02 1.959656915854098997e+02
1.400000000000000000e+01 1.771498959118171399e+02 1.928403153966534376e+02
1.600000000000000000e+01 1.476834838649804738e+02 1.897149392078969754e+02
1.800000000000000000e+01 1.231183980901398627e+02 1.865895630191404848e+02
2.000000000000000000e+01 1.026393713879371603e+02 1.834641868303840226e+02
2.200000000000000000e+01 8.556674487591951106e+01 1.803388106416275605e+02
2.400000000000000000e+01 7.133391143821042135e+01 1.772134344528710699e+02
2.600000000000000000e+01 5.946851114242254965e+01 1.740880582641146077e+02
2.800000000000000000e+01 4.957675453644179697e+01 1.709626820753581455e+02
3.000000000000000000e+01 4.133035354593336308e+01 1.678373058866016549e+02
3.200000000000000000e+01 3.445562623459391460e+01 1.647119296978451928e+02
3.400000000000000000e+01 2.872441383543035442e+01 1.615865535090887306e+02
3.600000000000000000e+01 2.394650860708081552e+01 1.584611773203322684e+02
3.800000000000000000e+01 1.996334121052410637e+01 1.553358011315758063e+02
4.000000000000000000e+01 1.664271810254485828e+01 1.522104249428193157e+02
4.200000000000000000e+01 1.387443429032602360e+01 1.490850487540628535e+02
4.400000000000000000e+01 1.156661584306587365e+01 1.460000000000000000e+02
4.600000000000000000e+01 9.642670775726363885e+00 1.460000000000000000e+02
4.800000000000000000e+01 8.038747110702129106e+00 1.460000000000000000e+02
5.000000000000000000e+01 6.701613755443601939e+00 1.460000000000000000e+02
5.200000000000000000e+01 5.586893866503057637e+00 1.460000000000000000e+02
5.400000000000000000e+01 4.657592068808114050e+00 1.460000000000000000e+02
5.600000000000000000e+01 3.882866651448027895e+00 1.460000000000000000e+02
5.800000000000000000e+01 3.237005991549912753e+00 1.460000000000000000e+02
6.000000000000000000e+01 2.698575235753311929e+00 1.460000000000000000e+02
