1.8143300000e+00 9.9999943848e-01
1.8284900000e+00 9.9999998710e-01
1.8426300000e+00 9.9999987541e-01
1.8567700000e+00 9.9939398012e-01
1.8708900000e+00 9.9477686137e-01
1.8850000000e+00 9.9306802139e-01
1.8990901000e+00 9.9481738155e-01
1.9131700000e+00 9.9622304404e-01
1.9272400000e+00 9.9854070836e-01
1.9412900000e+00 9.4913373182e-01
1.9553300000e+00 7.7622187041e-01
1.9693500000e+00 8.3098348116e-01
1.9833500000e+00 9.8107372541e-01
1.9973400000e+00 8.2043794681e-01
2.0113201000e+00 6.4400725288e-01
2.0252800000e+00 8.4791949615e-01
2.0392201000e+00 9.7843167897e-01
2.0531399000e+00 8.4733700192e-01
2.0670500000e+00 8.2428184638e-01
2.0809400000e+00 9.2321548246e-01
2.0948100000e+00 9.6293724478e-01
2.1086600000e+00 9.9528356142e-01
2.1224899000e+00 9.9642776096e-01
2.1363101000e+00 9.9983229351e-01
2.1501000000e+00 9.9833397742e-01
2.1638801000e+00 9.9644129681e-01
2.1776299000e+00 9.9796482378e-01
