1.8143300000e+00 9.9999438328e-01
1.8284900000e+00 9.9999965120e-01
1.8426300000e+00 9.9999969033e-01
1.8567700000e+00 9.9993910918e-01
1.8708900000e+00 9.8539849863e-01
1.8850000000e+00 9.6348540285e-01
1.8990901000e+00 9.9165552424e-01
1.9131700000e+00 9.9749632341e-01
1.9272400000e+00 9.9829358140e-01
1.9412900000e+00 9.2792704245e-01
1.9553300000e+00 6.7617430471e-01
1.9693500000e+00 7.7770027325e-01
1.9833500000e+00 9.7170212192e-01
1.9973400000e+00 7.3367127977e-01
2.0113201000e+00 4.4216711071e-01
2.0252800000e+00 7.8369708871e-01
2.0392201000e+00 9.5655684590e-01
2.0531399000e+00 7.8704284130e-01
2.0670500000e+00 7.6469862238e-01
2.0809400000e+00 8.9002827276e-01
2.0948100000e+00 9.5025035873e-01
2.1086600000e+00 9.8775421015e-01
2.1224899000e+00 9.9833558313e-01
2.1363101000e+00 9.9979268293e-01
2.1501000000e+00 9.9982929595e-01
2.1638801000e+00 9.9502652670e-01
2.1776299000e+00 9.9345667836e-01
